best_threshold=0.537544
best_f1_val=0.816226