best_threshold=0.529365
best_f1_val=0.817081