best_threshold=0.525473
best_f1_val=0.811038