best_threshold=0.501403
best_f1_val=0.805871