best_threshold=0.514500
best_f1_val=0.815675