best_threshold=0.492014
best_f1_val=0.803946