best_threshold=0.492492
best_f1_val=0.806691