best_threshold=0.516204
best_f1_val=0.815877