best_threshold=0.511005
best_f1_val=0.816495