best_threshold=0.547250
best_f1_val=0.805256