best_threshold=0.528072
best_f1_val=0.808696