best_threshold=0.527774
best_f1_val=0.810662