best_threshold=0.526278
best_f1_val=0.817323