best_threshold=0.531318
best_f1_val=0.808994