best_threshold=0.483517
best_f1_val=0.798851