best_threshold=0.493016
best_f1_val=0.806618