best_threshold=0.514585
best_f1_val=0.815844