best_threshold=0.505637
best_f1_val=0.815924