best_threshold=0.474991
best_f1_val=0.798937